72 0.07421875 0.4734375 0.028125 0.04296875
53 0.08515625 0.57109375 0.02890625 0.04453125
35 0.09453125 0.66640625 0.028125 0.04609375
9 0.1015625 0.7578125 0.02421875 0.03984375
288 0.02265625 0.57421875 0.01875 0.03828125
317 0.03359375 0.6640625 0.028125 0.040625
349 0.0421875 0.75546875 0.02265625 0.03671875
297 0.1734375 0.459375 0.0296875 0.05078125
271 0.2265625 0.4578125 0.02578125 0.0453125
358 0.2734375 0.4640625 0.03125 0.05234375
271 0.23125 0.55234375 0.0203125 0.03671875
271 0.41796875 0.78671875 0.0421875 0.06953125
271 0.5078125 0.7890625 0.04296875 0.06640625
271 0.4171875 0.6875 0.04609375 0.0796875
35 0.23046875 0.64375 0.02890625 0.05234375
9 0.234375 0.69609375 0.0296875 0.05
119 0.23671875 0.74765625 0.02578125 0.04921875
289 0.19609375 0.84140625 0.028125 0.04453125
289 0.28671875 0.84375 0.028125 0.04921875
361 0.3046875 0.1125 0.04921875 0.0765625
9 0.3578125 0.11484375 0.04765625 0.08125
35 0.41015625 0.11328125 0.0484375 0.08359375
53 0.4625 0.1171875 0.04609375 0.08125
72 0.5140625 0.1171875 0.0484375 0.08203125
85 0.56796875 0.1203125 0.0484375 0.08203125
264 0.62109375 0.1234375 0.0484375 0.08515625
85 0.415625 0.32109375 0.04296875 0.05625
53 0.36640625 0.4109375 0.04296875 0.05546875
276 0.36796875 0.4984375 0.040625 0.04765625
72 0.4640625 0.4125 0.0421875 0.05390625
72 0.51328125 0.41484375 0.04765625 0.08515625
85 0.4640625 0.3234375 0.0484375 0.08828125
53 0.4140625 0.4109375 0.0484375 0.08671875
9 0.415625 0.50234375 0.04453125 0.08203125
35 0.4640625 0.5015625 0.04140625 0.05078125
35 0.5109375 0.50234375 0.04609375 0.08359375
349 0.41640625 0.5875 0.04453125 0.07578125
274 0.36875 0.58515625 0.040625 0.04921875
263 0.46328125 0.58671875 0.04140625 0.05234375
327 0.51015625 0.590625 0.04609375 0.07890625
317 0.509375 0.690625 0.04453125 0.07578125
258 0.37421875 0.88046875 0.0390625 0.0421875
317 0.41875 0.88125 0.03984375 0.0703125
287 0.46328125 0.88125 0.0375 0.04453125
289 0.5078125 0.88515625 0.04375 0.07421875
269 0.62890625 0.49453125 0.01640625 0.034375
269 0.6859375 0.496875 0.02578125 0.0421875
269 0.7296875 0.4953125 0.0234375 0.04296875
269 0.78828125 0.49765625 0.01640625 0.03203125
265 0.596875 0.584375 0.02421875 0.0421875
265 0.7046875 0.58671875 0.02265625 0.03828125
11 0.75859375 0.5890625 0.04921875 0.05078125
265 0.63125 0.66796875 0.02265625 0.040625
89 0.65 0.5859375 0.0515625 0.05078125
23 0.5953125 0.6671875 0.02734375 0.04765625
361 0.775 0.6734375 0.025 0.04453125
317 0.86953125 0.54921875 0.02890625 0.04140625
349 0.8609375 0.62109375 0.0296875 0.04140625
35 0.853125 0.68984375 0.02890625 0.04140625
9 0.84609375 0.75546875 0.02734375 0.0375
288 0.8421875 0.821875 0.02265625 0.0359375
264 0.9015625 0.14921875 0.03515625 0.065625
265 0.8453125 0.034375 0.02734375 0.0515625
265 0.840625 0.1328125 0.02734375 0.05546875
9 0.78828125 0.02109375 0.02578125 0.04140625
265 0.78359375 0.0671875 0.025 0.04921875
259 0.7765625 0.13984375 0.0265625 0.04375
265 0.771875 0.18671875 0.0265625 0.04609375
265 0.71171875 0.0734375 0.01953125 0.03359375
265 0.70859375 0.12421875 0.0203125 0.034375
265 0.02265625 0.16328125 0.0328125 0.06171875
265 0.025 0.22109375 0.025 0.05
265 0.36875 0.0296875 0.02734375 0.0453125
265 0.51171875 0.03125 0.01640625 0.0359375
271 0.2828125 0.63515625 0.0421875 0.07890625
271 0.87890625 0.4609375 0.021875 0.0453125
271 0.0125 0.46953125 0.025 0.06015625