271 0.53515625 0.20546875 0.10625 0.19765625
119 0.234375 0.453125 0.109375 0.18125
274 0.25 0.665625 0.1046875 0.16875
258 0.26640625 0.86484375 0.09921875 0.17109375
152 0.6390625 0.44140625 0.10703125 0.18359375
263 0.63515625 0.66015625 0.1 0.17109375
287 0.63203125 0.85859375 0.0921875 0.15859375
119 0.33515625 0.45625 0.0921875 0.16640625
152 0.74375 0.44453125 0.096875 0.18984375
259 0.34765625 0.67109375 0.090625 0.16640625
259 0.7296875 0.66171875 0.09453125 0.16875
259 0.35703125 0.85625 0.0890625 0.15
358 0.728125 0.88125 0.09296875 0.175