360 0.48828125 0.165625 0.03828125 0.06875
360 0.5734375 0.16328125 0.0390625 0.06875
360 0.4890625 0.28203125 0.03984375 0.06640625
360 0.57265625 0.28046875 0.03984375 0.06640625
360 0.57265625 0.365625 0.0390625 0.06640625
360 0.48984375 0.3671875 0.03984375 0.06796875
360 0.490625 0.45078125 0.0390625 0.06484375
360 0.48984375 0.5328125 0.0375 0.0640625
360 0.57109375 0.53046875 0.03828125 0.0640625
360 0.57109375 0.45078125 0.0390625 0.06484375
360 0.490625 0.61484375 0.0390625 0.06484375
258 0.4484375 0.165625 0.03828125 0.06875
262 0.53359375 0.16328125 0.03984375 0.06875
85 0.45 0.28203125 0.03828125 0.06640625
113 0.53359375 0.28046875 0.0390625 0.06640625
72 0.45078125 0.36640625 0.0390625 0.06640625
111 0.53359375 0.365625 0.03984375 0.06640625
53 0.45234375 0.45078125 0.0390625 0.06484375
110 0.53359375 0.45078125 0.0375 0.06484375
35 0.45234375 0.5328125 0.03828125 0.0640625
99 0.53359375 0.53046875 0.03671875 0.0640625
9 0.45234375 0.61484375 0.03828125 0.06484375
274 0.45390625 0.7203125 0.03828125 0.0640625
274 0.49140625 0.7203125 0.0375 0.0640625
263 0.53359375 0.71953125 0.03828125 0.0640625
263 0.571875 0.71953125 0.0390625 0.0640625