25 0.134375 0.228125 0.26640625 0.23515625
26 0.38125 0.22578125 0.26484375 0.24375
168 0.2296875 0.86328125 0.1796875 0.14375
35 0.41640625 0.8625 0.19609375 0.14140625
53 0.60859375 0.8625 0.209375 0.14140625
72 0.79609375 0.8625 0.1984375 0.1375
85 0.2125 0.73984375 0.209375 0.15859375
99 0.40703125 0.73671875 0.215625 0.15234375
110 0.61328125 0.734375 0.21875 0.15234375
111 0.8078125 0.73125 0.21640625 0.14609375
113 0.190625 0.59375 0.23203125 0.175
10 0.40078125 0.58984375 0.22578125 0.17109375
11 0.615625 0.5875 0.21640625 0.17109375
16 0.82578125 0.58671875 0.2296875 0.16875
20 0.159375 0.434375 0.25234375 0.18984375
22 0.390625 0.428125 0.2625 0.20234375
23 0.61875 0.42578125 0.2390625 0.20234375
24 0.8578125 0.42578125 0.234375 0.20234375
28 0.62890625 0.21953125 0.2546875 0.23515625
36 0.87109375 0.21171875 0.2484375 0.23984375