86 0.66328125 0.31015625 0.046875 0.09375
82 0.565625 0.30859375 0.05 0.09140625
81 0.66484375 0.4203125 0.0484375 0.09140625
80 0.5671875 0.4234375 0.04921875 0.0921875
79 0.66875 0.5375 0.0515625 0.09765625
78 0.57109375 0.53984375 0.0484375 0.0953125
76 0.67421875 0.65625 0.0515625 0.09921875
75 0.575 0.6609375 0.05 0.0953125
74 0.67734375 0.775 0.05234375 0.09921875
73 0.578125 0.78359375 0.053125 0.09375
64 0.68203125 0.89765625 0.053125 0.10546875
63 0.58125 0.91015625 0.05390625 0.10390625