271 0.453125 0.49140625 0.0375 0.0515625
271 0.5859375 0.49140625 0.03828125 0.05078125
271 0.453125 0.56484375 0.03828125 0.0515625
271 0.5859375 0.565625 0.0390625 0.0515625
35 0.4984375 0.63671875 0.0375 0.04765625
276 0.49765625 0.7078125 0.0375 0.04609375
274 0.45390625 0.77734375 0.0359375 0.046875
263 0.54140625 0.77734375 0.0359375 0.04609375
361 0.540625 0.63671875 0.03671875 0.0484375
265 0.53984375 0.70703125 0.0375 0.04921875
265 0.58359375 0.7765625 0.0375 0.046875
289 0.49609375 0.7765625 0.03671875 0.046875
258 0.453125 0.84453125 0.03671875 0.04609375
289 0.49609375 0.84453125 0.0390625 0.04765625
287 0.540625 0.8453125 0.0359375 0.0453125
338 0.5828125 0.84453125 0.0359375 0.04609375