73 0.69140625 0.165625 0.06796875 0.10625
64 0.57890625 0.171875 0.090625 0.12734375
63 0.43046875 0.17890625 0.1140625 0.15
62 0.23359375 0.18125 0.1515625 0.175
61 0.69375 0.33046875 0.0703125 0.11484375
60 0.57890625 0.35 0.0859375 0.12109375
59 0.43515625 0.38359375 0.1125 0.15390625
57 0.2390625 0.415625 0.14765625 0.16875
56 0.69140625 0.48671875 0.06484375 0.11484375
55 0.58125 0.52578125 0.08359375 0.13125
54 0.4375 0.57734375 0.10546875 0.14609375
47 0.24765625 0.64296875 0.1375 0.17734375
46 0.690625 0.634375 0.06328125 0.11875
44 0.5796875 0.68828125 0.0765625 0.13125
43 0.4421875 0.76171875 0.10234375 0.14765625
42 0.25703125 0.8625 0.13125 0.175
41 0.69140625 0.78125 0.06484375 0.11640625
39 0.58125 0.84921875 0.0796875 0.13125
38 0.4453125 0.93203125 0.0984375 0.13125
36 0.6890625 0.91953125 0.06484375 0.12265625