56 0.61484375 0.0828125 0.12890625 0.08515625
55 0.6125 0.18515625 0.13359375 0.0859375
54 0.61171875 0.28515625 0.13515625 0.0875
47 0.61015625 0.38203125 0.12890625 0.08203125
46 0.609375 0.4796875 0.12734375 0.0796875
44 0.60546875 0.5734375 0.12265625 0.08125
43 0.60625 0.66640625 0.12109375 0.07734375
42 0.60546875 0.7578125 0.12265625 0.07421875
39 0.60390625 0.8484375 0.12109375 0.078125
38 0.60078125 0.93984375 0.11875 0.07578125
37 0.43671875 0.08515625 0.12734375 0.08359375
36 0.43671875 0.18671875 0.13125 0.0859375
28 0.43515625 0.2859375 0.12890625 0.0859375
26 0.4375 0.38203125 0.125 0.08515625
25 0.43671875 0.478125 0.12734375 0.0796875
24 0.43671875 0.56953125 0.12265625 0.07734375
23 0.43515625 0.6625 0.125 0.07421875
16 0.434375 0.75546875 0.12265625 0.07421875
11 0.43359375 0.846875 0.125 0.07578125
10 0.434375 0.93671875 0.12265625 0.07421875
113 0.259375 0.0859375 0.12734375 0.08359375
111 0.26015625 0.1875 0.12890625 0.08515625
110 0.26171875 0.28515625 0.13125 0.08515625
99 0.26171875 0.38359375 0.12734375 0.08359375
85 0.265625 0.47578125 0.12734375 0.0796875
53 0.26953125 0.5703125 0.12265625 0.07578125
35 0.26796875 0.66171875 0.12734375 0.078125
9 0.27109375 0.753125 0.12109375 0.0734375
120 0.27109375 0.84296875 0.12109375 0.078125
121 0.27265625 0.934375 0.11640625 0.07734375