258 0.6015625 0.22890625 0.0625 0.1125
274 0.45546875 0.26484375 0.0703125 0.12890625
85 0.59921875 0.35859375 0.0546875 0.10390625
72 0.459375 0.40546875 0.071875 0.12265625
53 0.5984375 0.47890625 0.053125 0.1
35 0.46171875 0.54140625 0.0671875 0.1125
152 0.4640625 0.665625 0.065625 0.10625
186 0.596875 0.59453125 0.05 0.09765625
259 0.9609375 0.15 0.03125 0.07109375
259 0.95 0.24296875 0.03125 0.07265625
259 0.9421875 0.32890625 0.028125 0.06640625
259 0.93359375 0.415625 0.0328125 0.06484375