239 0.3921875 0.16171875 0.11015625 0.1109375
35 0.40234375 0.28984375 0.1 0.0953125
238 0.40859375 0.409375 0.090625 0.08828125
276 0.415625 0.5140625 0.090625 0.08203125
263 0.65390625 0.61328125 0.090625 0.08046875
274 0.190625 0.609375 0.0921875 0.0765625
274 0.20625 0.70078125 0.0875 0.071875
263 0.64921875 0.703125 0.0875 0.0703125
258 0.21796875 0.78203125 0.08359375 0.06875
287 0.64609375 0.7859375 0.08515625 0.06875
265 0.54453125 0.1609375 0.10234375 0.11328125
265 0.54296875 0.290625 0.0984375 0.1
265 0.54375 0.40859375 0.09375 0.08984375
265 0.54296875 0.51328125 0.0953125 0.08359375
265 0.31328125 0.6171875 0.0875 0.075
265 0.778125 0.61640625 0.0890625 0.0765625
265 0.7703125 0.70625 0.08359375 0.0703125
265 0.321875 0.7046875 0.0875 0.0734375
271 0.75 0.15546875 0.07265625 0.071875
271 0.73046875 0.40625 0.0890625 0.08203125
271 0.7609375 0.7921875 0.0671875 0.05546875
265 0.321875 0.78046875 0.0875 0.075