265 0.15 0.29140625 0.0875 0.08671875
271 0.33671875 0.29375 0.08203125 0.084375
268 0.51953125 0.29375 0.07734375 0.08046875
271 0.15078125 0.4140625 0.08515625 0.0828125
271 0.33671875 0.41328125 0.08046875 0.08359375
271 0.5203125 0.41640625 0.0796875 0.0796875
265 0.27421875 0.53671875 0.08671875 0.08671875
265 0.27265625 0.659375 0.0921875 0.09296875
265 0.271875 0.78125 0.08984375 0.09453125
265 0.27109375 0.903125 0.09453125 0.09375
265 0.51953125 0.53828125 0.0875 0.08828125
265 0.5171875 0.66171875 0.08984375 0.09140625
265 0.51640625 0.78125 0.0875 0.08671875
271 0.5171875 0.90234375 0.08359375 0.08515625
53 0.1515625 0.53671875 0.09765625 0.0984375
276 0.15 0.6578125 0.09765625 0.09453125
274 0.14921875 0.7796875 0.10234375 0.10078125
258 0.14765625 0.9015625 0.10234375 0.10078125
72 0.396875 0.5375 0.09453125 0.09765625
35 0.396875 0.659375 0.09609375 0.09609375
263 0.3953125 0.7796875 0.1 0.09921875