85 0.5453125 0.3390625 0.08359375 0.05
53 0.54453125 0.41171875 0.08515625 0.05
35 0.54296875 0.4828125 0.0796875 0.0484375
9 0.540625 0.55 0.07890625 0.0484375
119 0.540625 0.6140625 0.07265625 0.04375
258 0.41875 0.678125 0.071875 0.0421875
274 0.5390625 0.68125 0.071875 0.0421875
263 0.66015625 0.6828125 0.065625 0.040625
269 0.42109375 0.74140625 0.06328125 0.03984375
269 0.4203125 0.803125 0.06796875 0.03671875
269 0.65859375 0.74765625 0.065625 0.03984375
269 0.6546875 0.809375 0.06796875 0.0375