99 0.4671875 0.215625 0.0375 0.0703125
85 0.4671875 0.303125 0.0390625 0.06796875
72 0.4671875 0.3890625 0.03671875 0.065625
53 0.46796875 0.4734375 0.03828125 0.06640625
35 0.4671875 0.559375 0.03671875 0.06953125
276 0.4671875 0.63984375 0.0375 0.06796875
265 0.509375 0.21875 0.0328125 0.06328125
265 0.509375 0.30625 0.03671875 0.06484375
265 0.5078125 0.39140625 0.0359375 0.065625
265 0.5078125 0.475 0.03515625 0.0609375
265 0.5078125 0.55625 0.034375 0.06328125
265 0.50625 0.640625 0.034375 0.0609375
265 0.46484375 0.809375 0.03203125 0.0609375
265 0.546875 0.809375 0.03359375 0.0609375
265 0.6265625 0.80546875 0.03125 0.053125
274 0.425 0.80859375 0.034375 0.06015625
263 0.50703125 0.809375 0.03515625 0.0625
262 0.5890625 0.80703125 0.03515625 0.06484375
258 0.3421875 0.81171875 0.0390625 0.06640625
265 0.38359375 0.8109375 0.0359375 0.06171875