43 0.2796875 0.1953125 0.1484375 0.18046875
41 0.27578125 0.4171875 0.15 0.18359375
42 0.63359375 0.3015625 0.1515625 0.18046875
39 0.63515625 0.52109375 0.1515625 0.18046875
38 0.278125 0.64140625 0.1515625 0.1921875
36 0.278125 0.8625 0.1515625 0.1921875
37 0.6359375 0.753125 0.1515625 0.18046875
28 0.6390625 0.9375 0.1484375 0.12421875
43 0.45 0.19296875 0.140625 0.18359375
41 0.45078125 0.41171875 0.140625 0.18359375
38 0.45390625 0.63359375 0.140625 0.18359375
36 0.45390625 0.86171875 0.140625 0.18359375
42 0.81015625 0.29609375 0.140625 0.18359375
39 0.81640625 0.5203125 0.14375 0.19296875
37 0.81484375 0.74140625 0.1359375 0.18828125
28 0.81875 0.934375 0.13515625 0.13046875