24 0.484375 0.1859375 0.04296875 0.0765625
25 0.58203125 0.1859375 0.04296875 0.0765625
26 0.68046875 0.184375 0.04296875 0.0765625
20 0.484375 0.27421875 0.04296875 0.0765625
10 0.484375 0.36640625 0.04296875 0.0765625
274 0.4859375 0.71796875 0.04296875 0.075
110 0.4828125 0.4515625 0.04296875 0.0765625
72 0.48359375 0.53984375 0.04296875 0.0765625
276 0.48359375 0.628125 0.04296875 0.0765625
258 0.4859375 0.803125 0.04296875 0.075
22 0.5828125 0.275 0.04296875 0.075
11 0.5828125 0.3640625 0.04296875 0.075
111 0.5828125 0.45390625 0.04296875 0.075
85 0.58203125 0.54453125 0.04296875 0.075
35 0.58203125 0.6328125 0.04296875 0.075
23 0.68046875 0.275 0.04296875 0.075
16 0.68046875 0.3640625 0.04296875 0.075
113 0.6796875 0.45546875 0.04296875 0.075
99 0.6796875 0.54453125 0.04296875 0.075
53 0.67890625 0.63125 0.04296875 0.075
263 0.678125 0.72109375 0.04296875 0.075
287 0.6765625 0.80625 0.04296875 0.075
271 0.7265625 0.81015625 0.04296875 0.075
265 0.534375 0.1859375 0.04296875 0.0765625
265 0.53515625 0.278125 0.04296875 0.0765625
265 0.53515625 0.36640625 0.04296875 0.0765625
265 0.53515625 0.45625 0.04296875 0.0765625
265 0.534375 0.5453125 0.04296875 0.0765625
265 0.53515625 0.63359375 0.04296875 0.0765625
265 0.53515625 0.7203125 0.04296875 0.0765625
265 0.53515625 0.80703125 0.04296875 0.0765625
265 0.63359375 0.1859375 0.04296875 0.0765625
265 0.6328125 0.27578125 0.04296875 0.0765625
265 0.6328125 0.36640625 0.04296875 0.0765625
265 0.6328125 0.45625 0.04296875 0.0765625
265 0.63203125 0.5453125 0.04296875 0.0765625
265 0.63203125 0.63359375 0.04296875 0.0765625
265 0.7328125 0.1859375 0.04296875 0.0765625
265 0.73125 0.27578125 0.04296875 0.0765625
265 0.73125 0.36640625 0.04296875 0.0765625
265 0.73125 0.45625 0.04296875 0.0765625
265 0.73046875 0.546875 0.04296875 0.0765625
265 0.728125 0.6375 0.04296875 0.0765625
265 0.728125 0.72578125 0.04296875 0.0765625