42 0.36640625 0.10703125 0.14140625 0.1140625
39 0.37578125 0.28828125 0.11015625 0.09609375
37 0.38203125 0.43046875 0.10625 0.090625
28 0.384375 0.55078125 0.09375 0.078125
25 0.39296875 0.646875 0.08515625 0.06953125
23 0.39921875 0.728125 0.08125 0.06953125
41 0.75546875 0.04140625 0.08515625 0.0765625
38 0.73515625 0.1796875 0.075 0.08359375
36 0.7125 0.2953125 0.075 0.06953125
26 0.7 0.396875 0.07890625 0.07109375
24 0.67734375 0.48203125 0.0625 0.05703125
22 0.66171875 0.56171875 0.06015625 0.05
16 0.64765625 0.63125 0.05859375 0.0484375