110 0.63046875 0.13828125 0.21875 0.196875
99 0.61875 0.378125 0.1875 0.17109375
85 0.61015625 0.56953125 0.16640625 0.1453125
72 0.60625 0.73046875 0.15390625 0.12109375
53 0.26328125 0.60625 0.18984375 0.146875
35 0.290625 0.7734375 0.18125 0.13125
9 0.31171875 0.9140625 0.16484375 0.11953125
110 0.07890625 0.625 0.1578125 0.140625
99 0.11015625 0.796875 0.16640625 0.11953125
85 0.14765625 0.940625 0.15390625 0.0984375
11 0.83828125 0.12578125 0.16484375 0.1640625
10 0.809375 0.35390625 0.15625 0.13359375
113 0.78125 0.55390625 0.15 0.1109375
111 0.76328125 0.71015625 0.12734375 0.10234375