24 0.675 0.0703125 0.20859375 0.109375
23 0.265625 0.06875 0.22265625 0.11953125
16 0.66796875 0.18671875 0.20625 0.1140625
11 0.259375 0.18828125 0.22265625 0.1109375
10 0.66015625 0.30078125 0.20859375 0.10625
113 0.26484375 0.30234375 0.2125 0.1109375
111 0.65390625 0.4140625 0.19140625 0.09609375
110 0.26328125 0.41640625 0.20234375 0.10390625
99 0.64453125 0.51796875 0.18515625 0.09296875
85 0.26328125 0.52265625 0.19765625 0.10078125
53 0.64296875 0.6171875 0.18984375 0.09375
35 0.26328125 0.62734375 0.19765625 0.0953125
9 0.63671875 0.71328125 0.18984375 0.0921875
1 0.26796875 0.725 0.19765625 0.09609375