263 0.46640625 0.10859375 0.065625 0.11875
274 0.5765625 0.11015625 0.0609375 0.11875
9 0.46953125 0.37578125 0.0625 0.11328125
152 0.47265625 0.5078125 0.0609375 0.1171875
177 0.47421875 0.64140625 0.0625 0.11328125
119 0.58671875 0.628125 0.06171875 0.103125
72 0.58359375 0.4984375 0.06015625 0.11875
360 0.921875 0.35625 0.05390625 0.09765625
360 0.83125 0.47890625 0.05703125 0.11171875
360 0.92421875 0.47734375 0.0640625 0.1
360 0.8296875 0.603125 0.059375 0.10703125
360 0.9265625 0.59453125 0.059375 0.09765625
274 0.82734375 0.1125 0.0546875 0.1109375
263 0.92109375 0.115625 0.053125 0.10546875