53 0.36328125 0.240625 0.275 0.1109375
276 0.36484375 0.33515625 0.26328125 0.1078125
119 0.3640625 0.43125 0.2625 0.1078125
274 0.3640625 0.525 0.26484375 0.10234375
274 0.36484375 0.61640625 0.26328125 0.09921875
35 0.6546875 0.3359375 0.26875 0.10859375
129 0.65390625 0.43125 0.26640625 0.11015625
263 0.653125 0.525 0.26875 0.10859375
263 0.6484375 0.61796875 0.26484375 0.10078125
266 0.36484375 0.734375 0.25703125 0.10546875
258 0.36484375 0.825 0.25546875 0.1
273 0.65 0.73671875 0.26953125 0.10625
287 0.64375 0.82734375 0.2609375 0.1015625