55 0.571875 0.38046875 0.13203125 0.12734375
54 0.85546875 0.54140625 0.13203125 0.1125
47 0.70859375 0.52890625 0.13125 0.11640625
46 0.56953125 0.51796875 0.12734375 0.11875
44 0.43203125 0.50390625 0.1265625 0.1125
43 0.30078125 0.490625 0.1171875 0.11484375
42 0.83984375 0.66640625 0.13125 0.10859375
41 0.7015625 0.65625 0.12421875 0.1125
39 0.56484375 0.63984375 0.11796875 0.1
38 0.43359375 0.63046875 0.11796875 0.10625
37 0.30703125 0.61484375 0.1125 0.10390625
36 0.82578125 0.78828125 0.12421875 0.10625
28 0.6921875 0.771875 0.11953125 0.10234375
26 0.56171875 0.75859375 0.115625 0.1
25 0.4359375 0.74453125 0.11328125 0.09765625
24 0.3140625 0.72890625 0.11328125 0.1
23 0.81171875 0.896875 0.11953125 0.09375
22 0.68359375 0.88515625 0.115625 0.1
20 0.559375 0.86875 0.1078125 0.09609375
16 0.4375 0.85546875 0.10859375 0.09765625
11 0.31875 0.8375 0.10546875 0.09609375
10 0.67890625 0.96875 0.1125 0.05859375
113 0.32578125 0.934375 0.103125 0.08984375