59 0.50390625 0.28515625 0.0234375 0.04453125
60 0.54375 0.284375 0.025 0.0453125
57 0.54453125 0.35078125 0.02421875 0.04296875
56 0.50390625 0.3515625 0.02421875 0.04453125
55 0.5453125 0.41796875 0.02265625 0.0390625
54 0.5046875 0.41640625 0.02421875 0.04453125
47 0.54453125 0.4828125 0.0234375 0.040625
46 0.50546875 0.4828125 0.02265625 0.040625
44 0.5453125 0.5453125 0.02265625 0.0390625
43 0.50625 0.54453125 0.02265625 0.04140625
42 0.5453125 0.6078125 0.0234375 0.040625
168 0.50625 0.60546875 0.0234375 0.04140625
274 0.56484375 0.67421875 0.0234375 0.04140625
263 0.52578125 0.6734375 0.02421875 0.0390625
258 0.48828125 0.67109375 0.0234375 0.040625
274 0.225 0.665625 0.0234375 0.040625
263 0.26171875 0.66875 0.021875 0.040625
258 0.29921875 0.6671875 0.02109375 0.040625
360 0.22578125 0.28984375 0.02265625 0.040625
360 0.2375 0.5421875 0.02265625 0.0375
269 0.48828125 0.834375 0.0171875 0.0328125
269 0.31015625 0.8265625 0.0171875 0.03125
265 0.265625 0.28828125 0.02265625 0.040625
265 0.2671875 0.353125 0.0234375 0.04453125
265 0.2703125 0.41640625 0.0234375 0.04453125
265 0.27265625 0.48046875 0.0234375 0.04453125
265 0.27421875 0.54140625 0.0234375 0.04453125
265 0.27734375 0.6015625 0.0234375 0.04453125
265 0.23984375 0.603125 0.0234375 0.04453125
265 0.228125 0.353125 0.0234375 0.04453125
265 0.23125 0.41640625 0.0234375 0.04453125
265 0.234375 0.47890625 0.0234375 0.04453125