28 0.74765625 0.1453125 0.203125 0.18125
26 0.5484375 0.1546875 0.1921875 0.18203125
25 0.371875 0.1640625 0.175 0.16640625
24 0.74140625 0.29609375 0.203125 0.1734375
23 0.5484375 0.3015625 0.1921875 0.1703125
22 0.3765625 0.3015625 0.16953125 0.16015625
20 0.73828125 0.4328125 0.19921875 0.16796875
16 0.55 0.43359375 0.18984375 0.1640625
11 0.3796875 0.4328125 0.17109375 0.165625
10 0.734375 0.56875 0.18984375 0.1734375
113 0.553125 0.56328125 0.18125 0.16015625
111 0.38828125 0.54921875 0.16875 0.15859375
110 0.73125 0.7015625 0.184375 0.16796875
99 0.55390625 0.68671875 0.1796875 0.15234375
85 0.38984375 0.66640625 0.1671875 0.1640625
72 0.72734375 0.82109375 0.18125 0.1703125
53 0.5546875 0.80546875 0.18046875 0.1625
35 0.39296875 0.78515625 0.16015625 0.16640625
9 0.72265625 0.928125 0.178125 0.1390625