20 0.5859375 0.2359375 0.0609375 0.11328125
11 0.5875 0.35390625 0.0609375 0.10390625
16 0.67734375 0.34921875 0.0609375 0.10703125
113 0.58984375 0.46953125 0.059375 0.10546875
10 0.67890625 0.4640625 0.059375 0.103125
110 0.5921875 0.58125 0.0609375 0.10546875
111 0.68046875 0.57890625 0.06015625 0.10546875
85 0.59296875 0.69453125 0.059375 0.1078125
99 0.68046875 0.6875 0.059375 0.10703125
176 0.59375 0.80625 0.0578125 0.10703125
72 0.6828125 0.80078125 0.05859375 0.10390625
9 0.596875 0.9203125 0.05703125 0.10546875
35 0.684375 0.91171875 0.05859375 0.10703125