289 0.4921875 0.21015625 0.04140625 0.05390625
271 0.55546875 0.2109375 0.0421875 0.05390625
360 0.61875 0.2109375 0.0421875 0.05390625
271 0.4890625 0.30703125 0.04296875 0.05078125
271 0.553125 0.309375 0.04296875 0.05078125
271 0.61640625 0.3109375 0.04296875 0.05078125
265 0.57421875 0.47578125 0.04296875 0.05078125
265 0.571875 0.54140625 0.04296875 0.05078125
265 0.51796875 0.60546875 0.0453125 0.05546875
265 0.621875 0.60625 0.0453125 0.05546875
265 0.51796875 0.66796875 0.0453125 0.05546875
265 0.56796875 0.73203125 0.0453125 0.05546875
271 0.61875 0.67265625 0.04296875 0.05078125
35 0.5265625 0.47578125 0.04296875 0.05078125
276 0.525 0.5390625 0.04296875 0.05078125
274 0.471875 0.60234375 0.04140625 0.04921875
263 0.57421875 0.60546875 0.04140625 0.04921875
258 0.471875 0.665625 0.04140625 0.04921875
287 0.57421875 0.6703125 0.04140625 0.04921875
262 0.5203125 0.73203125 0.04140625 0.04921875