262 0.1421875 0.28359375 0.07109375 0.11953125
287 0.259375 0.28671875 0.07109375 0.11953125
258 0.3796875 0.2890625 0.07109375 0.11953125
274 0.503125 0.2921875 0.07109375 0.11953125
35 0.63046875 0.290625 0.07109375 0.11953125
53 0.7625 0.290625 0.07265625 0.13125
265 0.1484375 0.44296875 0.06328125 0.11484375
265 0.3828125 0.446875 0.06328125 0.11484375
265 0.503125 0.45390625 0.06328125 0.11484375
265 0.628125 0.45546875 0.06328125 0.11484375
265 0.7578125 0.45859375 0.06328125 0.11484375
358 0.2640625 0.4484375 0.06328125 0.11484375