44 0.121875 0.30703125 0.075 0.13125
46 0.20625 0.31015625 0.075 0.13359375
47 0.29140625 0.31875 0.075 0.13359375
54 0.38671875 0.33046875 0.078125 0.13515625
55 0.48828125 0.34140625 0.08203125 0.15
56 0.5953125 0.346875 0.08515625 0.14765625
57 0.71171875 0.35703125 0.09140625 0.16015625
28 0.11640625 0.47265625 0.06640625 0.11640625
36 0.19140625 0.4875 0.06640625 0.11640625
37 0.271875 0.49921875 0.06796875 0.11875
38 0.35625 0.5125 0.07265625 0.12109375
39 0.446875 0.52734375 0.07578125 0.125
41 0.54296875 0.54140625 0.08046875 0.12890625
42 0.64609375 0.55703125 0.08515625 0.13515625
43 0.75546875 0.56953125 0.08671875 0.13515625
99 0.54765625 0.709375 0.075 0.11015625
23 0.64140625 0.72890625 0.07578125 0.11640625
26 0.74140625 0.74765625 0.084375 0.1125