152 0.55390625 0.81875 0.0390625 0.06875
168 0.55390625 0.74375 0.0375 0.0703125
53 0.55234375 0.6640625 0.03984375 0.0703125
72 0.55234375 0.5875 0.03828125 0.06875
85 0.55234375 0.509375 0.03828125 0.06875
274 0.5203125 0.31328125 0.04140625 0.071875
263 0.58125 0.3109375 0.040625 0.07265625
262 0.5203125 0.14921875 0.0390625 0.071875
258 0.58046875 0.1453125 0.0390625 0.071875
360 0.753125 0.49140625 0.03203125 0.06875
360 0.75390625 0.5625 0.034375 0.078125
360 0.753125 0.6390625 0.034375 0.06640625
360 0.7515625 0.709375 0.03359375 0.0703125
360 0.75234375 0.78046875 0.034375 0.06640625