9 0.47890625 0.7625 0.04296875 0.0796875
35 0.4765625 0.6734375 0.040625 0.07578125
53 0.47421875 0.58515625 0.040625 0.07421875
22 0.54921875 0.48671875 0.03984375 0.07578125
23 0.546875 0.39765625 0.040625 0.0765625
10 0.46953125 0.40546875 0.0421875 0.0765625
11 0.46640625 0.31328125 0.040625 0.0765625
24 0.54609375 0.3078125 0.04140625 0.0765625
25 0.54375 0.2171875 0.040625 0.0765625
16 0.46328125 0.21875 0.0421875 0.08046875
20 0.4609375 0.1234375 0.0421875 0.07578125
26 0.54140625 0.121875 0.040625 0.0796875
28 0.4578125 0.03359375 0.04375 0.0671875