120 0.51328125 0.92109375 0.028125 0.05
9 0.5125 0.86640625 0.025 0.0515625
23 0.55703125 0.87421875 0.02734375 0.0484375
24 0.55703125 0.81875 0.02578125 0.0484375
186 0.51171875 0.81171875 0.025 0.04609375
35 0.51015625 0.75859375 0.02734375 0.04609375
25 0.55546875 0.76171875 0.02734375 0.05
26 0.55390625 0.70703125 0.025 0.0515625
53 0.51015625 0.70390625 0.028125 0.0484375
72 0.50859375 0.64609375 0.028125 0.0515625
28 0.5546875 0.65 0.028125 0.0515625
36 0.55390625 0.59296875 0.02734375 0.0515625
85 0.50703125 0.58984375 0.02734375 0.04609375
99 0.50625 0.53125 0.02734375 0.0484375
37 0.553125 0.53359375 0.02734375 0.0515625
38 0.55234375 0.4734375 0.028125 0.05390625
110 0.50546875 0.47109375 0.02734375 0.04609375
111 0.50390625 0.4140625 0.02890625 0.05
39 0.5515625 0.41171875 0.028125 0.05390625
41 0.5515625 0.3515625 0.028125 0.0515625
113 0.50234375 0.353125 0.028125 0.05
10 0.50234375 0.29140625 0.02890625 0.05390625
42 0.5515625 0.2890625 0.028125 0.05546875
43 0.55 0.225 0.02890625 0.05703125
11 0.50078125 0.228125 0.02890625 0.0515625
16 0.50078125 0.16328125 0.028125 0.0515625
44 0.54921875 0.159375 0.028125 0.05546875
46 0.54921875 0.09140625 0.03125 0.05703125
20 0.5 0.09453125 0.02890625 0.0515625
22 0.49765625 0.028125 0.02890625 0.05546875
47 0.5484375 0.025 0.03046875 0.05