35 0.43515625 0.45546875 0.075 0.09921875
276 0.4328125 0.6015625 0.0734375 0.09765625
265 0.51875 0.60390625 0.08046875 0.10390625
361 0.521875 0.45859375 0.0859375 0.1078125
274 0.34296875 0.7390625 0.075 0.096875
332 0.428125 0.7421875 0.08125 0.1015625
263 0.51875 0.7421875 0.0796875 0.1015625
265 0.603125 0.74375 0.075 0.10703125
258 0.34296875 0.8734375 0.075 0.09609375
317 0.42578125 0.8765625 0.08125 0.09921875
287 0.51640625 0.878125 0.0765625 0.0953125
338 0.5984375 0.878125 0.08046875 0.0953125
271 0.3421875 0.14375 0.0921875 0.1203125
271 0.6203125 0.1546875 0.0875 0.128125
271 0.6171875 0.3125 0.08671875 0.1140625
271 0.3421875 0.30234375 0.0890625 0.11484375