263 0.55078125 0.15 0.07109375 0.0796875
274 0.7421875 0.1109375 0.0984375 0.096875
265 0.55078125 0.0515625 0.07109375 0.08515625
286 0.63984375 0.0359375 0.084375 0.071875
111 0.5484375 0.28671875 0.0703125 0.075
113 0.63359375 0.28125 0.07890625 0.0796875
10 0.73515625 0.275 0.09453125 0.08671875
85 0.54921875 0.3734375 0.06953125 0.07109375
99 0.63203125 0.37734375 0.08046875 0.0765625
110 0.73125 0.3796875 0.0921875 0.0828125
72 0.72421875 0.4765625 0.090625 0.08046875
35 0.5484375 0.45859375 0.06640625 0.06875
53 0.6296875 0.4671875 0.0765625 0.07265625
152 0.54765625 0.53828125 0.06640625 0.065625
9 0.72109375 0.571875 0.090625 0.08046875
275 0.4859375 0.53125 0.04609375 0.0609375
275 0.334375 0.49921875 0.0359375 0.0453125
360 0.22890625 0.4734375 0.03046875 0.04375
360 0.296875 0.48828125 0.03515625 0.05078125
360 0.29453125 0.428125 0.0375 0.05078125
360 0.2578125 0.42421875 0.0328125 0.0484375
360 0.22421875 0.41953125 0.03203125 0.0453125
360 0.290625 0.36640625 0.0375 0.053125
360 0.25390625 0.365625 0.034375 0.05
360 0.2203125 0.3640625 0.03046875 0.046875
360 0.2875 0.30234375 0.0390625 0.0546875
360 0.24921875 0.3046875 0.034375 0.05
360 0.215625 0.30625 0.03203125 0.046875
263 0.28203125 0.20390625 0.03828125 0.0578125
263 0.2109375 0.21875 0.03359375 0.05078125
265 0.20546875 0.1578125 0.0328125 0.053125
286 0.240625 0.146875 0.03515625 0.05390625
265 0.27890625 0.134375 0.03984375 0.05859375