258 0.32421875 0.23125 0.07734375 0.078125
72 0.22421875 0.3640625 0.08671875 0.078125
35 0.24140625 0.48984375 0.08125 0.0734375
279 0.25390625 0.60546875 0.078125 0.0703125
274 0.26640625 0.71640625 0.078125 0.0703125
53 0.4234375 0.45625 0.06328125 0.0609375
9 0.43046875 0.5546875 0.05703125 0.05859375
263 0.4375 0.64765625 0.05703125 0.05859375
258 0.75 0.2515625 0.03828125 0.046875
360 0.78046875 0.3265625 0.02734375 0.0421875
360 0.778125 0.39375 0.02890625 0.04140625
360 0.77734375 0.45859375 0.02890625 0.04140625
274 0.77421875 0.5203125 0.02890625 0.04140625
263 0.703125 0.546875 0.0296875 0.0421875
360 0.7046875 0.478125 0.03515625 0.04296875
360 0.703125 0.40546875 0.03515625 0.04375
271 0.31953125 0.96953125 0.05390625 0.04609375