110 0.6421875 0.06015625 0.0421875 0.0765625
28 0.7140625 0.06328125 0.03984375 0.0765625
99 0.6421875 0.15 0.04140625 0.078125
85 0.6421875 0.2390625 0.0421875 0.078125
72 0.6421875 0.32890625 0.04140625 0.078125
53 0.6421875 0.41796875 0.040625 0.075
35 0.6421875 0.50546875 0.040625 0.071875
9 0.64296875 0.59296875 0.040625 0.06953125
152 0.6421875 0.68203125 0.0390625 0.06953125
119 0.64296875 0.76640625 0.0390625 0.06953125
120 0.64296875 0.853125 0.0390625 0.06953125
11 0.7125 0.76171875 0.03828125 0.07109375
16 0.7125 0.67578125 0.03984375 0.07109375
20 0.7125 0.58984375 0.03984375 0.0734375
22 0.7140625 0.50390625 0.03828125 0.06953125
23 0.7140625 0.41640625 0.03828125 0.071875
24 0.7140625 0.32890625 0.03828125 0.075
25 0.7140625 0.240625 0.0390625 0.0734375
26 0.7140625 0.1515625 0.03984375 0.075