42 0.21875 0.24296875 0.10078125 0.18515625
38 0.23125 0.49140625 0.09921875 0.15859375
28 0.24609375 0.72109375 0.09375 0.15390625
24 0.2578125 0.92734375 0.09453125 0.1375
43 0.43125 0.24765625 0.103125 0.17890625
39 0.4359375 0.50703125 0.09609375 0.16484375
36 0.43828125 0.72734375 0.09609375 0.14140625
25 0.4375 0.93046875 0.08984375 0.13125
26 0.62421875 0.940625 0.09375 0.11484375
37 0.63125 0.74609375 0.10078125 0.14609375
41 0.63984375 0.5125 0.0921875 0.15859375
44 0.6484375 0.25625 0.1015625 0.1875
42 0.31875 0.25 0.10078125 0.17890625
43 0.5375 0.25390625 0.103125 0.17890625
44 0.753125 0.27109375 0.1015625 0.1875
41 0.740625 0.525 0.0921875 0.15859375
39 0.53515625 0.51171875 0.09609375 0.16484375
36 0.53046875 0.746875 0.09609375 0.15234375
37 0.72578125 0.76171875 0.09609375 0.15234375
38 0.328125 0.50234375 0.09921875 0.15859375
28 0.33671875 0.73359375 0.09921875 0.15859375
24 0.3515625 0.93203125 0.09375 0.13125
25 0.53125 0.9375 0.09140625 0.12109375