85 0.43984375 0.20390625 0.1046875 0.07734375
72 0.4390625 0.30234375 0.10625 0.07578125
53 0.43984375 0.4015625 0.1046875 0.07421875
35 0.440625 0.5015625 0.10625 0.07890625
276 0.440625 0.59921875 0.10234375 0.07578125
274 0.15546875 0.7 0.10625 0.07421875
263 0.728125 0.69921875 0.10625 0.07578125
258 0.15625 0.79765625 0.1046875 0.07734375
287 0.72578125 0.79609375 0.11015625 0.08046875
260 0.8578125 0.79765625 0.1046875 0.08046875
265 0.8578125 0.69921875 0.1046875 0.07890625
265 0.28515625 0.6984375 0.1125 0.07421875
265 0.284375 0.7984375 0.10625 0.07890625
265 0.5703125 0.59921875 0.10859375 0.07578125
265 0.56796875 0.50234375 0.10859375 0.08046875
265 0.56953125 0.40078125 0.10625 0.07890625
265 0.5703125 0.30390625 0.10859375 0.07890625
265 0.56796875 0.2046875 0.10859375 0.07734375