72 0.42421875 0.28046875 0.05625 0.09375
53 0.42890625 0.39140625 0.0515625 0.0875
35 0.43515625 0.49140625 0.053125 0.08359375
276 0.43671875 0.58203125 0.04609375 0.07734375
274 0.3828125 0.69140625 0.0484375 0.08359375
263 0.49765625 0.66640625 0.05078125 0.07890625
258 0.38984375 0.77421875 0.053125 0.06875
262 0.4515625 0.89921875 0.0421875 0.06484375
271 0.54609375 0.74140625 0.046875 0.07109375
320 0.4390625 0.68203125 0.04375 0.06875
320 0.55078125 0.65390625 0.04375 0.075
320 0.44296875 0.76171875 0.0421875 0.06875
320 0.4984375 0.88515625 0.03515625 0.0625
265 0.49296875 0.27109375 0.0578125 0.1
265 0.49296875 0.384375 0.04609375 0.08515625
265 0.49140625 0.48046875 0.053125 0.08515625
265 0.49453125 0.57421875 0.04453125 0.07734375