72 0.45078125 0.30234375 0.04921875 0.09140625
53 0.45078125 0.396875 0.04921875 0.08125
35 0.4546875 0.490625 0.0484375 0.08125
276 0.45390625 0.57890625 0.046875 0.075
258 0.35859375 0.65859375 0.04453125 0.07109375
262 0.54765625 0.65703125 0.04609375 0.07265625
274 0.3609375 0.734375 0.03984375 0.06484375
263 0.54609375 0.73359375 0.04453125 0.075
260 0.40859375 0.86953125 0.0484375 0.07265625
260 0.49609375 0.871875 0.04609375 0.07265625
260 0.58125 0.86796875 0.046875 0.07734375
265 0.50390625 0.29921875 0.05703125 0.09375
265 0.50234375 0.39921875 0.05703125 0.09375
265 0.5015625 0.4875 0.05546875 0.0875
265 0.49921875 0.575 0.05078125 0.07890625
265 0.40390625 0.65625 0.05078125 0.07890625
265 0.40625 0.73515625 0.05078125 0.07890625
265 0.5921875 0.66015625 0.05078125 0.07890625
265 0.5875 0.72734375 0.05078125 0.07890625