265 0.43984375 0.4625 0.0421875 0.03671875
265 0.5453125 0.64765625 0.0453125 0.03515625
265 0.54453125 0.690625 0.0453125 0.0328125
265 0.43828125 0.68046875 0.04296875 0.0359375
265 0.54375 0.73671875 0.04765625 0.03828125
259 0.34140625 0.58515625 0.034375 0.0328125
265 0.3421875 0.628125 0.0375 0.03203125
259 0.34140625 0.45703125 0.03828125 0.03515625
361 0.5484375 0.46484375 0.03984375 0.03671875
258 0.440625 0.50625 0.0390625 0.0328125
263 0.54453125 0.51171875 0.0484375 0.0359375
142 0.3390625 0.5015625 0.04140625 0.03515625
35 0.4390625 0.59375 0.04609375 0.03671875
9 0.4359375 0.6390625 0.04140625 0.0359375
361 0.3375 0.7109375 0.03828125 0.0359375
271 0.4359375 0.7234375 0.02734375 0.02109375
271 0.4421875 0.8046875 0.0421875 0.0390625
265 0.5390625 0.8203125 0.04296875 0.0359375
265 0.340625 0.78984375 0.04296875 0.0359375