131 0.18671875 0.30859375 0.1 0.15625
274 0.85703125 0.3859375 0.06875 0.11328125
263 0.84140625 0.51640625 0.06875 0.11328125
258 0.825 0.6265625 0.06640625 0.103125
72 0.5234375 0.50390625 0.06640625 0.109375
53 0.44921875 0.50390625 0.06640625 0.109375
35 0.734375 0.6265625 0.06640625 0.109375
9 0.66328125 0.6234375 0.06640625 0.109375
120 0.52265625 0.6234375 0.05859375 0.10546875
265 0.75859375 0.3796875 0.065625 0.115625
265 0.74765625 0.5015625 0.065625 0.115625
265 0.68359375 0.3765625 0.065625 0.115625
265 0.67421875 0.50078125 0.065625 0.115625
265 0.60625 0.37421875 0.065625 0.115625
265 0.59765625 0.5015625 0.065625 0.115625
265 0.5921875 0.615625 0.065625 0.115625
265 0.53125 0.371875 0.065625 0.115625
265 0.45390625 0.3734375 0.065625 0.115625
265 0.44765625 0.6109375 0.065625 0.115625