9 0.43515625 0.253125 0.05546875 0.09765625
35 0.50859375 0.2515625 0.05546875 0.09765625
53 0.58203125 0.24921875 0.05703125 0.09765625
99 0.5828125 0.3546875 0.05703125 0.09765625
85 0.5078125 0.3546875 0.05703125 0.09765625
72 0.434375 0.35625 0.05703125 0.09765625
110 0.4328125 0.459375 0.05703125 0.09765625
111 0.50703125 0.46015625 0.05703125 0.09765625
113 0.5828125 0.46015625 0.05703125 0.09765625
119 0.58125 0.56875 0.0609375 0.10703125
8 0.50625 0.5671875 0.05859375 0.103125
152 0.43203125 0.56328125 0.05859375 0.103125
114 0.50390625 0.67421875 0.090625 0.109375