22 0.47265625 0.190625 0.071875 0.08515625
16 0.475 0.29140625 0.06796875 0.07890625
10 0.475 0.390625 0.0671875 0.07734375
111 0.4765625 0.48671875 0.06484375 0.07265625
99 0.47734375 0.578125 0.0609375 0.07265625
72 0.478125 0.665625 0.0609375 0.06484375
35 0.47734375 0.753125 0.0609375 0.06875
24 0.5578125 0.08125 0.07421875 0.09140625
23 0.55703125 0.19140625 0.07265625 0.0875
113 0.55390625 0.39296875 0.0671875 0.08125
11 0.55546875 0.29296875 0.06953125 0.08125
9 0.55078125 0.75 0.06015625 0.0625
110 0.553125 0.48828125 0.06328125 0.07265625
85 0.553125 0.58046875 0.06484375 0.06484375
53 0.55234375 0.66640625 0.065625 0.06640625
152 0.55078125 0.83203125 0.0578125 0.06484375