35 0.4796875 0.20390625 0.03203125 0.06640625
265 0.52109375 0.2078125 0.0359375 0.065625
276 0.48125 0.303125 0.03203125 0.065625
265 0.521875 0.303125 0.0375 0.065625
274 0.428125 0.434375 0.02890625 0.05859375
320 0.46640625 0.434375 0.0375 0.06796875
263 0.5390625 0.43046875 0.03046875 0.0640625
320 0.578125 0.43203125 0.03828125 0.0640625
258 0.4296875 0.5265625 0.03203125 0.0640625
320 0.46875 0.528125 0.0359375 0.0640625
287 0.5390625 0.521875 0.03046875 0.0609375
271 0.578125 0.521875 0.03671875 0.065625
262 0.48515625 0.61171875 0.0296875 0.05703125
320 0.5234375 0.61328125 0.0359375 0.05703125