41 0.24140625 0.33671875 0.1828125 0.16015625
42 0.4203125 0.32734375 0.18046875 0.1625
43 0.596875 0.315625 0.171875 0.15625
37 0.24453125 0.48359375 0.17890625 0.14609375
38 0.42265625 0.47265625 0.18046875 0.1625
39 0.59609375 0.465625 0.1734375 0.15625
26 0.25078125 0.62578125 0.17421875 0.13984375
28 0.421875 0.61875 0.18046875 0.15390625
36 0.59765625 0.603125 0.171875 0.14765625
23 0.25546875 0.765625 0.171875 0.14375
24 0.42578125 0.75703125 0.1765625 0.14375
25 0.59765625 0.74921875 0.171875 0.15234375
11 0.2625 0.89609375 0.16484375 0.13359375
16 0.42734375 0.89140625 0.17109375 0.1375
22 0.59921875 0.88515625 0.16640625 0.1375