26 0.50390625 0.0484375 0.05 0.0703125
28 0.5703125 0.053125 0.05 0.0703125
24 0.50546875 0.14140625 0.0515625 0.06875
25 0.56953125 0.1421875 0.0484375 0.0703125
22 0.50546875 0.228125 0.05078125 0.06640625
23 0.57109375 0.22890625 0.0515625 0.06484375
11 0.50859375 0.321875 0.05 0.06484375
16 0.57109375 0.31796875 0.05 0.06796875
113 0.50625 0.40703125 0.0484375 0.0609375
10 0.5703125 0.4 0.05078125 0.06484375
110 0.5078125 0.48984375 0.053125 0.06796875
111 0.571875 0.48125 0.05 0.06875
85 0.509375 0.571875 0.05234375 0.06796875
99 0.57265625 0.56484375 0.05078125 0.07265625
53 0.51171875 0.65390625 0.05078125 0.07265625
72 0.57421875 0.64296875 0.04921875 0.06796875
152 0.51171875 0.73203125 0.04609375 0.0625
35 0.5734375 0.72109375 0.0515625 0.06796875