320 0.5109375 0.409375 0.04375 0.06015625
320 0.6078125 0.409375 0.046875 0.06484375
259 0.5140625 0.6125 0.040625 0.05390625
259 0.609375 0.609375 0.04375 0.05625
85 0.5140625 0.67578125 0.04375 0.05625
99 0.609375 0.67265625 0.040625 0.05390625
53 0.51484375 0.740625 0.0421875 0.05625
259 0.609375 0.73671875 0.040625 0.05234375
265 0.515625 0.80625 0.040625 0.05390625
35 0.609375 0.80078125 0.040625 0.05234375
265 0.515625 0.95703125 0.040625 0.05625
265 0.6109375 0.95078125 0.040625 0.05234375