38 0.146875 0.08203125 0.21875 0.10703125
39 0.37578125 0.0828125 0.23984375 0.10859375
41 0.61796875 0.0859375 0.24375 0.11484375
42 0.85703125 0.090625 0.23515625 0.1125
26 0.15234375 0.22734375 0.225 0.10703125
28 0.378125 0.22734375 0.23984375 0.11484375
36 0.61640625 0.2328125 0.24140625 0.11796875
37 0.85 0.2359375 0.22890625 0.1125
22 0.15703125 0.36328125 0.21875 0.10859375
23 0.37578125 0.37109375 0.22734375 0.1125
24 0.609375 0.378125 0.23984375 0.1109375
25 0.840625 0.38046875 0.22734375 0.10859375
10 0.15859375 0.5015625 0.21640625 0.11484375
11 0.37734375 0.5125 0.225 0.1125
16 0.60703125 0.51875 0.23515625 0.1109375
20 0.83984375 0.5203125 0.225 0.1125
99 0.16484375 0.63359375 0.22109375 0.11796875
110 0.378125 0.64765625 0.22734375 0.10859375
111 0.60546875 0.6515625 0.23125 0.1125
113 0.83359375 0.65625 0.22109375 0.103125
35 0.17109375 0.76015625 0.21640625 0.1125
53 0.37890625 0.77734375 0.225 0.10859375
72 0.60234375 0.7859375 0.225 0.1109375
85 0.82578125 0.7859375 0.22265625 0.103125
193 0.16953125 0.88671875 0.21015625 0.1125
144 0.37890625 0.90546875 0.21640625 0.1125
241 0.59921875 0.91640625 0.22265625 0.10703125
9 0.81875 0.9171875 0.21640625 0.10078125