99 0.34140625 0.0859375 0.0921875 0.14296875
85 0.34765625 0.221875 0.09140625 0.134375
72 0.35390625 0.3453125 0.0875 0.12890625
53 0.35546875 0.465625 0.08671875 0.1265625
35 0.35859375 0.58046875 0.08046875 0.11953125
9 0.3609375 0.6890625 0.0828125 0.11953125
119 0.36640625 0.79375 0.08515625 0.115625
113 0.44765625 0.5828125 0.0859375 0.1265625
10 0.44609375 0.4671875 0.0890625 0.12109375
11 0.4421875 0.3484375 0.09453125 0.12890625
16 0.43984375 0.22265625 0.09375 0.14296875
17 0.4390625 0.084375 0.09765625 0.12890625