11 0.4921875 0.28359375 0.06875 0.0875
113 0.49453125 0.3875 0.0640625 0.075
10 0.59296875 0.38359375 0.0609375 0.07890625
110 0.4953125 0.49296875 0.06875 0.07734375
111 0.59375 0.48203125 0.05625 0.07734375
85 0.496875 0.59375 0.0625 0.07890625
99 0.5953125 0.58203125 0.059375 0.07734375
53 0.49921875 0.69140625 0.0578125 0.075
72 0.5953125 0.67578125 0.05625 0.07265625
9 0.5 0.7875 0.05625 0.075
35 0.59375 0.76796875 0.053125 0.07734375
152 0.50078125 0.878125 0.0546875 0.07265625
186 0.59453125 0.85625 0.0546875 0.07109375