46 0.49921875 0.04765625 0.0375 0.0609375
44 0.5 0.12578125 0.034375 0.05859375
43 0.50234375 0.20234375 0.03359375 0.0609375
42 0.5046875 0.2765625 0.03515625 0.05859375
41 0.50546875 0.35 0.03515625 0.06015625
39 0.50703125 0.4203125 0.0328125 0.05625
38 0.5078125 0.4890625 0.034375 0.05625
37 0.51015625 0.559375 0.0328125 0.0609375
36 0.5109375 0.625 0.03203125 0.06015625
28 0.5125 0.6921875 0.03125 0.05859375
26 0.51328125 0.75625 0.0328125 0.05859375
25 0.44453125 0.12890625 0.0359375 0.06015625
24 0.44765625 0.20625 0.03671875 0.05625
23 0.4484375 0.2828125 0.034375 0.05859375
22 0.45 0.35703125 0.03515625 0.0546875
16 0.453125 0.42734375 0.034375 0.05703125
11 0.453125 0.49765625 0.0359375 0.06015625
113 0.4578125 0.5671875 0.0328125 0.05859375
110 0.459375 0.6359375 0.03125 0.053125
85 0.46015625 0.70390625 0.03203125 0.05859375
53 0.4625 0.76875 0.03203125 0.05859375
152 0.4640625 0.834375 0.0328125 0.05859375