9 0.36328125 0.9375 0.03671875 0.0546875
53 0.4015625 0.92890625 0.03359375 0.05078125
85 0.47890625 0.9125 0.03359375 0.05078125
72 0.440625 0.92109375 0.03359375 0.05078125
99 0.3609375 0.865625 0.03515625 0.053125
110 0.4015625 0.8578125 0.03359375 0.05078125
111 0.4421875 0.84921875 0.03515625 0.05234375
113 0.48046875 0.840625 0.0328125 0.053125
10 0.36015625 0.7875 0.03515625 0.05234375
11 0.40078125 0.78046875 0.03828125 0.05859375
16 0.4421875 0.77265625 0.03515625 0.05625
17 0.4828125 0.76640625 0.03515625 0.05625
22 0.3578125 0.70703125 0.0375 0.05703125
23 0.40078125 0.69921875 0.0375 0.05703125
24 0.4421875 0.69375 0.0375 0.05703125
25 0.48359375 0.6859375 0.0375 0.05703125
26 0.3546875 0.61796875 0.03828125 0.05859375
28 0.4 0.6125 0.0390625 0.05859375
36 0.44375 0.60859375 0.0390625 0.05859375
37 0.4859375 0.603125 0.0390625 0.05859375
38 0.35390625 0.52578125 0.04140625 0.0625
39 0.4 0.521875 0.04140625 0.0625
41 0.44453125 0.51796875 0.0375 0.05703125
42 0.4875 0.5140625 0.03671875 0.05703125
43 0.35234375 0.4296875 0.04140625 0.0625
44 0.3984375 0.42734375 0.04140625 0.0625
46 0.44453125 0.42421875 0.04140625 0.0625
47 0.48984375 0.42109375 0.03828125 0.05859375
54 0.35 0.32578125 0.04375 0.06796875
55 0.39921875 0.32421875 0.04375 0.06796875
56 0.4453125 0.32421875 0.040625 0.06484375
57 0.490625 0.32265625 0.040625 0.06484375
59 0.346875 0.2171875 0.04375 0.06875
60 0.3984375 0.21796875 0.04375 0.06875
61 0.446875 0.21796875 0.040625 0.06875