75 0.28359375 0.05390625 0.0828125 0.10390625
76 0.38046875 0.05703125 0.0828125 0.10625
78 0.47265625 0.06328125 0.0796875 0.10625
79 0.56484375 0.06484375 0.0796875 0.10390625
63 0.29140625 0.2125 0.0765625 0.09609375
64 0.3859375 0.21875 0.08125 0.09609375
73 0.4734375 0.21875 0.075 0.09140625
74 0.565625 0.21953125 0.078125 0.09765625
57 0.2890625 0.37578125 0.078125 0.08984375
60 0.384375 0.37578125 0.078125 0.08984375
61 0.475 0.378125 0.078125 0.08984375
62 0.5625 0.37578125 0.078125 0.08984375
47 0.2953125 0.52578125 0.078125 0.08984375
54 0.3828125 0.52421875 0.078125 0.08984375
55 0.4703125 0.521875 0.078125 0.08984375
56 0.559375 0.51953125 0.078125 0.08984375
42 0.3015625 0.671875 0.078125 0.08984375
43 0.3890625 0.665625 0.078125 0.08984375
44 0.4765625 0.66328125 0.078125 0.08984375
46 0.5609375 0.65859375 0.075 0.0875
36 0.30625 0.81171875 0.075 0.08984375
37 0.39140625 0.803125 0.0734375 0.08984375
38 0.47734375 0.79921875 0.0703125 0.08515625
39 0.55859375 0.79140625 0.0671875 0.0875
24 0.309375 0.94375 0.071875 0.0875
25 0.3953125 0.9375 0.071875 0.0875
26 0.4796875 0.92734375 0.071875 0.0875
28 0.559375 0.92265625 0.071875 0.0875